1.000002026557922363e+00 7.134730694815516472e-04 1.054644118994474411e-03 8.894565515220165253e-03 -7.149291923269629478e-04 1.000000834465026855e+00 -2.395185729255899787e-04 -1.131978002376854420e-03 -1.053180312737822533e-03 2.368966524954885244e-04 1.000002741813659668e+00 -1.433930277824401855e+00 0.000000000000000000e+00 0.000000000000000000e+00 0.000000000000000000e+00 1.000000000000000000e+00
1.000002980232238770e+00 6.976398290134966373e-04 -2.013483084738254547e-03 5.384820979088544846e-03 -6.939048180356621742e-04 9.999994039535522461e-01 2.239207271486520767e-03 1.327833859249949455e-03 2.016785787418484688e-03 -2.239749301224946976e-03 9.999990463256835938e-01 -1.187133669853210449e+00 0.000000000000000000e+00 0.000000000000000000e+00 0.000000000000000000e+00 1.000000000000000000e+00
9.999220371246337891e-01 2.237885026261210442e-03 1.223511714488267899e-02 6.406654138118028641e-03 -2.255195286124944687e-03 9.999989867210388184e-01 1.354196341708302498e-03 -1.339114829897880554e-02 -1.223095133900642395e-02 -1.387463300488889217e-03 9.999266266822814941e-01 -3.210674822330474854e-01 0.000000000000000000e+00 0.000000000000000000e+00 0.000000000000000000e+00 1.000000000000000000e+00
9.999654889106750488e-01 -6.216113106347620487e-04 8.108966983854770660e-03 8.642335422337055206e-03 6.195115274749696255e-04 9.999988675117492676e-01 2.870965108741074800e-04 8.478367817588150501e-04 -8.109529502689838409e-03 -2.812756574712693691e-04 9.999664425849914551e-01 -4.275833964347839355e-01 0.000000000000000000e+00 0.000000000000000000e+00 0.000000000000000000e+00 1.000000000000000000e+00
1.000001668930053711e+00 8.583237649872899055e-04 3.933037805836647749e-04 1.952054793946444988e-03 -8.571998914703726768e-04 9.999978542327880859e-01 7.849400572013109922e-05 4.842380876652896404e-04 -3.938461013603955507e-04 -7.575451309094205499e-05 1.000001192092895508e+00 -5.548455119132995605e-01 0.000000000000000000e+00 0.000000000000000000e+00 0.000000000000000000e+00 1.000000000000000000e+00
1.000000357627868652e+00 -5.174681427888572216e-04 7.479261839762330055e-04 1.362392213195562363e-03 5.175875849090516567e-04 9.999998211860656738e-01 1.444138470105826855e-04 7.500522769987583160e-04 -7.476787432096898556e-04 -1.412769925082102418e-04 9.999997019767761230e-01 -6.676596999168395996e-01 0.000000000000000000e+00 0.000000000000000000e+00 0.000000000000000000e+00 1.000000000000000000e+00
9.999962449073791504e-01 4.399294266477227211e-04 2.958134980872273445e-03 3.825816558673977852e-03 -4.434616130311042070e-04 1.000001549720764160e+00 1.360270893201231956e-03 -1.848970190621912479e-03 -2.956736600026488304e-03 -1.363048795610666275e-03 9.999943971633911133e-01 -6.550402045249938965e-01 0.000000000000000000e+00 0.000000000000000000e+00 0.000000000000000000e+00 1.000000000000000000e+00
1.000001668930053711e+00 -8.381271618418395519e-05 8.818735950626432896e-04 3.993286751210689545e-03 8.350455755135044456e-05 1.000000238418579102e+00 3.181607462465763092e-04 4.707678221166133881e-03 -8.819222566671669483e-04 -3.222325467504560947e-04 1.000002622604370117e+00 -7.688719630241394043e-01 0.000000000000000000e+00 0.000000000000000000e+00 0.000000000000000000e+00 1.000000000000000000e+00
9.999948143959045410e-01 1.069271471351385117e-03 3.441930515691637993e-03 3.632160369306802750e-03 -1.061135204508900642e-03 9.999973177909851074e-01 -2.208649879321455956e-03 4.969066940248012543e-03 -3.444423433393239975e-03 2.207114594057202339e-03 9.999921917915344238e-01 -6.416074037551879883e-01 0.000000000000000000e+00 0.000000000000000000e+00 0.000000000000000000e+00 1.000000000000000000e+00
9.999995231628417969e-01 -1.587525708600878716e-03 -8.167048799805343151e-04 4.460832104086875916e-03 1.588024315424263477e-03 1.000000238418579102e+00 6.830077618360519409e-04 2.019855426624417305e-03 8.153076632879674435e-04 -6.858279812149703503e-04 9.999983310699462891e-01 -4.557889699935913086e-01 0.000000000000000000e+00 0.000000000000000000e+00 0.000000000000000000e+00 1.000000000000000000e+00
9.999962449073791504e-01 -4.530065052676945925e-04 -2.199835842475295067e-03 5.131476791575551033e-04 4.518743080552667379e-04 1.000001549720764160e+00 -8.004585979506373405e-04 3.034215187653899193e-03 2.200352028012275696e-03 8.032611804082989693e-04 9.999975562095642090e-01 -2.318650484085083008e-01 0.000000000000000000e+00 0.000000000000000000e+00 0.000000000000000000e+00 1.000000000000000000e+00
9.999985098838806152e-01 1.054462511092424393e-03 -8.487457525916397572e-04 -3.493494121357798576e-03 -1.053837244398891926e-03 9.999968409538269043e-01 6.966291693970561028e-04 4.126141720917075872e-05 8.496918017044663429e-04 -6.945944041945040226e-04 9.999986290931701660e-01 -8.830063790082931519e-02 0.000000000000000000e+00 0.000000000000000000e+00 0.000000000000000000e+00 1.000000000000000000e+00
9.999999403953552246e-01 9.858654266281519085e-07 -1.300376624158161576e-07 -1.488217549194814637e-08 -4.214835769289493328e-07 1.000000476837158203e+00 -9.968765368739695987e-08 -3.218648089386988431e-06 -2.164029808682244038e-07 6.557753749802941456e-06 1.000001549720764160e+00 -7.820138853276148438e-05 0.000000000000000000e+00 0.000000000000000000e+00 0.000000000000000000e+00 1.000000000000000000e+00
9.999996423721313477e-01 4.219647962599992752e-04 -6.526985089294612408e-05 1.809685491025447845e-03 -4.214031214360147715e-04 1.000000715255737305e+00 4.655110387830063701e-05 2.491253893822431564e-03 6.391795614035800099e-05 -4.685243766289204359e-05 1.000001192092895508e+00 -2.980711460113525391e-01 0.000000000000000000e+00 0.000000000000000000e+00 0.000000000000000000e+00 1.000000000000000000e+00
1.000000596046447754e+00 -5.005837010685354471e-05 3.974782885052263737e-05 1.462439657188951969e-03 5.039482857682742178e-05 1.000000119209289551e+00 -4.874694423051550984e-05 6.793351349188014865e-05 -3.931581159122288227e-05 4.790749881067313254e-05 9.999996423721313477e-01 -1.225604414939880371e-01 0.000000000000000000e+00 0.000000000000000000e+00 0.000000000000000000e+00 1.000000000000000000e+00
1.000001072883605957e+00 7.854466821299865842e-05 -1.956652413355186582e-04 -1.518183416919782758e-04 -7.829238165868446231e-05 9.999994039535522461e-01 -7.274905510712414980e-05 2.006768016144633293e-03 1.952474267454817891e-04 7.387126242974773049e-05 9.999991059303283691e-01 -6.988424062728881836e-02 0.000000000000000000e+00 0.000000000000000000e+00 0.000000000000000000e+00 1.000000000000000000e+00
9.999998807907104492e-01 3.617989204940386117e-05 -8.179870928870514035e-05 -3.745827416423708200e-04 -3.591345011955127120e-05 1.000000000000000000e+00 -6.207597471075132489e-05 6.594740552827715874e-04 8.163273014361038804e-05 6.225393008207902312e-05 1.000000715255737305e+00 -4.087546467781066895e-02 0.000000000000000000e+00 0.000000000000000000e+00 0.000000000000000000e+00 1.000000000000000000e+00
1.000000119209289551e+00 3.848546441531652818e-07 1.808957250659659621e-08 -2.741816388152074069e-06 -2.142714379260723945e-07 9.999998807907104492e-01 -1.518505143849324668e-07 2.384193180660076905e-07 1.565777694167991285e-07 6.369502898451173678e-06 9.999974966049194336e-01 1.144411362474784255e-05 0.000000000000000000e+00 0.000000000000000000e+00 0.000000000000000000e+00 1.000000000000000000e+00
9.999985694885253906e-01 -4.193613422103226185e-04 1.000222750008106232e-03 7.958041504025459290e-03 4.195268265902996063e-04 1.000000596046447754e+00 -3.820629499386996031e-04 4.388587549328804016e-04 -9.994709398597478867e-04 3.817007236648350954e-04 9.999994635581970215e-01 -1.215116262435913086e+00 0.000000000000000000e+00 0.000000000000000000e+00 0.000000000000000000e+00 1.000000000000000000e+00
1.000000119209289551e+00 -1.739121653372421861e-04 1.532953931018710136e-03 3.876344067975878716e-03 1.722124143270775676e-04 9.999998807907104492e-01 1.013976172544062138e-03 -7.736448314972221851e-04 -1.532655674964189529e-03 -1.016620430164039135e-03 1.000000715255737305e+00 -1.180601477622985840e+00 0.000000000000000000e+00 0.000000000000000000e+00 0.000000000000000000e+00 1.000000000000000000e+00
9.999945759773254395e-01 -8.049707685131579638e-05 -4.289402160793542862e-03 7.293943315744400024e-03 8.318240725202485919e-05 1.000001072883605957e+00 1.018963987007737160e-03 -3.120890352874994278e-03 4.290137905627489090e-03 -1.023304765112698078e-03 9.999949336051940918e-01 -1.121243357658386230e+00 0.000000000000000000e+00 0.000000000000000000e+00 0.000000000000000000e+00 1.000000000000000000e+00
9.999976754188537598e-01 -4.382844490464776754e-04 2.247072057798504829e-03 6.985538639128208160e-03 4.372550756670534611e-04 1.000000000000000000e+00 3.912221000064164400e-04 -3.951104357838630676e-03 -2.248339122161269188e-03 -3.889947547577321529e-04 9.999976158142089844e-01 -1.185868024826049805e+00 0.000000000000000000e+00 0.000000000000000000e+00 0.000000000000000000e+00 1.000000000000000000e+00
9.996518492698669434e-01 2.793324529193341732e-05 -2.648234739899635315e-02 -9.073283523321151733e-03 7.104320047801593319e-06 9.999985694885253906e-01 1.325363758951425552e-03 6.539887748658657074e-03 2.648237347602844238e-02 -1.324833487160503864e-03 9.996486902236938477e-01 -6.309569478034973145e-01 0.000000000000000000e+00 0.000000000000000000e+00 0.000000000000000000e+00 1.000000000000000000e+00
9.991317987442016602e-01 3.203521016985177994e-03 -4.152293130755424500e-02 -2.293744310736656189e-02 -3.156009363010525703e-03 9.999961256980895996e-01 1.207382068969309330e-03 2.245622454211115837e-03 4.152680560946464539e-02 -1.077216933481395245e-03 9.991375207901000977e-01 -5.917647480964660645e-01 0.000000000000000000e+00 0.000000000000000000e+00 0.000000000000000000e+00 1.000000000000000000e+00
9.985599517822265625e-01 -3.288977779448032379e-03 -5.353795737028121948e-02 -1.223921030759811401e-02 3.213973017409443855e-03 9.999934434890747070e-01 -1.484774285927414894e-03 -3.682929091155529022e-03 5.354226008057594299e-02 1.308986567892134190e-03 9.985634088516235352e-01 -6.489306688308715820e-01 0.000000000000000000e+00 0.000000000000000000e+00 0.000000000000000000e+00 1.000000000000000000e+00
1.000000715255737305e+00 3.206657856935635209e-05 1.045977231115102768e-03 4.645426757633686066e-03 -3.276262214058078825e-05 9.999973177909851074e-01 1.838580006733536720e-03 -1.106398273259401321e-02 -1.045871526002883911e-03 -1.836808281950652599e-03 9.999988079071044922e-01 -9.444345235824584961e-01 0.000000000000000000e+00 0.000000000000000000e+00 0.000000000000000000e+00 1.000000000000000000e+00
9.999954700469970703e-01 -1.520568155683577061e-03 2.654129173606634140e-03 7.615075446665287018e-03 1.527991378679871559e-03 9.999957084655761719e-01 -2.800387796014547348e-03 -4.833041224628686905e-03 -2.649823436513543129e-03 2.803371753543615341e-03 9.999935030937194824e-01 -1.087401270866394043e+00 0.000000000000000000e+00 0.000000000000000000e+00 0.000000000000000000e+00 1.000000000000000000e+00
9.999973177909851074e-01 -8.325383532792329788e-04 1.637009321711957455e-03 4.742815159261226654e-03 8.324432419613003731e-04 1.000003695487976074e+00 -7.806788780726492405e-04 -4.469851031899452209e-03 -1.635116990655660629e-03 7.776403217576444149e-04 9.999991655349731445e-01 -1.417547106742858887e+00 0.000000000000000000e+00 0.000000000000000000e+00 0.000000000000000000e+00 1.000000000000000000e+00
9.999960660934448242e-01 -2.846592571586370468e-03 4.809935926459729671e-04 9.330813772976398468e-03 2.846428193151950836e-03 9.999988675117492676e-01 3.415758255869150162e-04 -5.759858060628175735e-03 -4.816783184651285410e-04 -3.369706100784242153e-04 1.000002980232238770e+00 -1.463179707527160645e+00 0.000000000000000000e+00 0.000000000000000000e+00 0.000000000000000000e+00 1.000000000000000000e+00
1.000001668930053711e+00 -7.389036909444257617e-05 -2.682692429516464472e-04 6.130684632807970047e-03 7.237802492454648018e-05 9.999958872795104980e-01 -2.650753827765583992e-03 2.757356269285082817e-03 2.681207261048257351e-04 2.651069778949022293e-03 9.999977946281433105e-01 -1.446872115135192871e+00 0.000000000000000000e+00 0.000000000000000000e+00 0.000000000000000000e+00 1.000000000000000000e+00
9.999979734420776367e-01 4.142411344218999147e-04 2.950615598820149899e-04 2.320324769243597984e-03 -4.138715157750993967e-04 9.999932646751403809e-01 3.271722700446844101e-03 -8.391823619604110718e-03 -2.936267410404980183e-04 -3.270286833867430687e-03 9.999939799308776855e-01 -1.402551412582397461e+00 0.000000000000000000e+00 0.000000000000000000e+00 0.000000000000000000e+00 1.000000000000000000e+00
9.999962449073791504e-01 2.246712334454059601e-03 1.462500775232911110e-03 7.557913195341825485e-04 -2.245485549792647362e-03 9.999980926513671875e-01 -4.332865937612950802e-04 -3.375920467078685760e-03 -1.463247113861143589e-03 4.286078619770705700e-04 1.000000953674316406e+00 -1.425196409225463867e+00 0.000000000000000000e+00 0.000000000000000000e+00 0.000000000000000000e+00 1.000000000000000000e+00
1.000000357627868652e+00 -3.631707513704895973e-04 -4.201586998533457518e-04 6.281203590333461761e-03 3.614633169490844011e-04 9.999901652336120605e-01 -4.320357460528612137e-03 -3.353098640218377113e-03 4.206331504974514246e-04 4.321564454585313797e-03 9.999921321868896484e-01 -1.454885601997375488e+00 0.000000000000000000e+00 0.000000000000000000e+00 0.000000000000000000e+00 1.000000000000000000e+00
1.000001072883605957e+00 4.064235690748319030e-05 4.625115616363473237e-05 5.646172910928726196e-03 -4.028550392831675708e-05 1.000001072883605957e+00 -8.107692119665443897e-04 -8.959351107478141785e-03 -4.607561641023494303e-05 8.116060052998363972e-04 1.000000476837158203e+00 -1.548490285873413086e+00 0.000000000000000000e+00 0.000000000000000000e+00 0.000000000000000000e+00 1.000000000000000000e+00
1.000000834465026855e+00 2.703416103031486273e-04 9.485865011811256409e-04 4.631989635527133942e-03 -2.696851151995360851e-04 1.000001788139343262e+00 6.323535344563424587e-04 -6.706379819661378860e-03 -9.496200946159660816e-04 -6.348319584503769875e-04 1.000000834465026855e+00 -1.136649489402770996e+00 0.000000000000000000e+00 0.000000000000000000e+00 0.000000000000000000e+00 1.000000000000000000e+00
9.999985098838806152e-01 -1.651547034271061420e-03 2.109053748426958919e-04 1.041627302765846252e-02 1.651346334256231785e-03 1.000001072883605957e+00 -9.475762635702267289e-05 -8.883827365934848785e-03 -2.106660394929349422e-04 9.796524682315066457e-05 1.000002145767211914e+00 -1.228850126266479492e+00 0.000000000000000000e+00 0.000000000000000000e+00 0.000000000000000000e+00 1.000000000000000000e+00
9.999972581863403320e-01 -2.232068916782736778e-03 5.448346491903066635e-04 9.490899741649627686e-03 2.231889404356479645e-03 9.999932646751403809e-01 2.095148200169205666e-03 -7.842237129807472229e-03 -5.505094304680824280e-04 -2.088850596919655800e-03 9.999946355819702148e-01 -1.311597228050231934e+00 0.000000000000000000e+00 0.000000000000000000e+00 0.000000000000000000e+00 1.000000000000000000e+00
9.999994039535522461e-01 1.101014902815222740e-03 5.394443287514150143e-04 5.696350708603858948e-03 -1.102362642996013165e-03 1.000001430511474609e+00 1.552088884636759758e-03 -1.124719344079494476e-02 -5.363595555536448956e-04 -1.558571239002048969e-03 1.000002264976501465e+00 -1.377528309822082520e+00 0.000000000000000000e+00 0.000000000000000000e+00 0.000000000000000000e+00 1.000000000000000000e+00
9.999980330467224121e-01 3.976443167630350217e-06 -1.224321313202381134e-03 9.673009626567363739e-03 -4.352393261797260493e-06 9.999995827674865723e-01 -8.807756821624934673e-04 -7.566448301076889038e-03 1.223998726345598698e-03 8.793234592303633690e-04 9.999985694885253906e-01 -1.438220500946044922e+00 0.000000000000000000e+00 0.000000000000000000e+00 0.000000000000000000e+00 1.000000000000000000e+00
9.999977350234985352e-01 5.547099281102418900e-04 6.817932444391772151e-05 8.658345788717269897e-03 -5.556673277169466019e-04 1.000000596046447754e+00 5.049301544204354286e-04 -8.111506700515747070e-03 -6.816961104050278664e-05 -5.065397126600146294e-04 9.999969601631164551e-01 -1.512231588363647461e+00 0.000000000000000000e+00 0.000000000000000000e+00 0.000000000000000000e+00 1.000000000000000000e+00
9.999992847442626953e-01 -1.601097173988819122e-04 -9.712970349937677383e-04 9.324726648628711700e-03 1.602207630639895797e-04 9.999992847442626953e-01 6.536475848406553268e-04 -2.010866068303585052e-03 9.719415102154016495e-04 -6.546837976202368736e-04 9.999998211860656738e-01 -1.595154881477355957e+00 0.000000000000000000e+00 0.000000000000000000e+00 0.000000000000000000e+00 1.000000000000000000e+00
9.999989867210388184e-01 -3.162812790833413601e-04 6.380815175361931324e-04 8.784796111285686493e-03 3.158505714964121580e-04 9.999989271163940430e-01 9.118842717725783587e-05 -2.200370654463768005e-03 -6.370622431859374046e-04 -8.782591612543910742e-05 9.999986290931701660e-01 -1.592057943344116211e+00 0.000000000000000000e+00 0.000000000000000000e+00 0.000000000000000000e+00 1.000000000000000000e+00
1.000000596046447754e+00 -9.341033728560432792e-05 1.498035999247804284e-06 8.563754148781299591e-03 9.250331640942022204e-05 1.000004291534423828e+00 -4.576461215037852526e-04 -1.270231092348694801e-03 4.470489898267260287e-07 4.520491638686507940e-04 1.000003457069396973e+00 -1.611812472343444824e+00 0.000000000000000000e+00 0.000000000000000000e+00 0.000000000000000000e+00 1.000000000000000000e+00
9.999997615814208984e-01 -4.467308372113620862e-07 -1.235065383298206143e-09 3.576316771614074241e-07 -2.204188263021933381e-07 1.000000357627868652e+00 2.005780146419056109e-07 -3.933909283659886569e-06 8.030051645846469910e-08 1.684486051090061665e-06 1.000000000000000000e+00 -5.389765023178227921e-12 0.000000000000000000e+00 0.000000000000000000e+00 0.000000000000000000e+00 1.000000000000000000e+00
1.000001072883605957e+00 6.522765261252061464e-07 1.619554410581258708e-07 -8.583075214119162410e-06 -2.331640871489071287e-07 1.000000357627868652e+00 1.411281260743635357e-07 -3.218651045244769193e-06 -3.311267846584087238e-07 -2.062954536086181179e-06 1.000001311302185059e+00 -2.479554495948832482e-05 0.000000000000000000e+00 0.000000000000000000e+00 0.000000000000000000e+00 1.000000000000000000e+00
9.999996423721313477e-01 2.932608254013757687e-07 -1.513493330662640801e-08 -3.576305971364490688e-07 -2.694159206839685794e-07 9.999994039535522461e-01 9.479063578510249499e-08 -8.344673005922231823e-07 8.173674359568394721e-08 6.226014761523401830e-07 9.999977350234985352e-01 4.577631625579670072e-05 0.000000000000000000e+00 0.000000000000000000e+00 0.000000000000000000e+00 1.000000000000000000e+00
1.000002861022949219e+00 1.843254011646422441e-07 7.531789236736585735e-08 -6.198893970577046275e-06 -2.306309454525035108e-07 9.999996423721313477e-01 8.971373688382300315e-08 -1.192090849144733511e-06 1.330626560047676321e-07 7.190781161625636742e-07 9.999998211860656738e-01 -4.074482504862197985e-12 0.000000000000000000e+00 0.000000000000000000e+00 0.000000000000000000e+00 1.000000000000000000e+00
1.000001549720764160e+00 4.758351224154466763e-07 -1.188607967606003513e-07 1.758340658852830529e-06 -2.348468228774436284e-07 1.000002741813659668e+00 2.593082513158151414e-07 -8.463877747999504209e-06 -5.352378593670437112e-07 -4.161232936894521117e-06 1.000002145767211914e+00 -3.623963129939511418e-05 0.000000000000000000e+00 0.000000000000000000e+00 0.000000000000000000e+00 1.000000000000000000e+00
9.999999403953552246e-01 1.127653774801729014e-07 9.889522800676786574e-08 -2.622604824864538386e-06 -2.460120072100835387e-07 1.000000000000000000e+00 3.518942719438200584e-07 -6.079672857595141977e-06 2.735990989322090172e-08 1.983677861971955281e-07 1.000000000000000000e+00 3.814695901382947341e-06 0.000000000000000000e+00 0.000000000000000000e+00 0.000000000000000000e+00 1.000000000000000000e+00
1.000000596046447754e+00 5.376680292101809755e-07 1.025445186542128795e-07 -2.145767211914062500e-06 -4.317672051001864020e-07 9.999991655349731445e-01 -1.176216102294347365e-07 2.980230647153803147e-06 3.145891014355584048e-07 1.578476940267137252e-06 9.999995827674865723e-01 1.525878815300529823e-05 0.000000000000000000e+00 0.000000000000000000e+00 0.000000000000000000e+00 1.000000000000000000e+00
1.000001192092895508e+00 1.043163365466170944e-06 -7.632295506709851907e-08 1.430516476830234751e-06 -1.749005775764089776e-07 9.999964833259582520e-01 -1.466870855892921099e-07 7.987000572029501200e-06 -4.659353862734860741e-07 2.766848183455294929e-06 9.999996423721313477e-01 5.722058631363324821e-06 0.000000000000000000e+00 0.000000000000000000e+00 0.000000000000000000e+00 1.000000000000000000e+00
1.000000596046447754e+00 5.642269798045163043e-07 5.025498239774606191e-08 -1.966952595466864295e-06 -2.275137092055956600e-07 1.000001072883605957e+00 -2.636355702634318732e-07 3.695494342537131160e-06 -2.358355573051085230e-07 3.776544645006651990e-06 1.000000000000000000e+00 -1.907332148221030366e-06 0.000000000000000000e+00 0.000000000000000000e+00 0.000000000000000000e+00 1.000000000000000000e+00
1.000001072883605957e+00 -3.435871320789374295e-08 1.035070553712102992e-07 -1.072884060704382136e-06 -2.606405757887841901e-09 1.000000000000000000e+00 -5.958125992577834040e-09 2.384184938364342088e-07 1.781452283466933295e-07 9.679920367489103228e-07 1.000000000000000000e+00 -1.907347041196771897e-06 0.000000000000000000e+00 0.000000000000000000e+00 0.000000000000000000e+00 1.000000000000000000e+00
1.000001072883605957e+00 4.818597076905462018e-08 8.039114618441089988e-08 -1.399778170707577374e-06 -2.526816444969881559e-07 1.000001192092895508e+00 -2.193604444755692384e-07 2.503400310160941444e-06 3.418802307919577288e-08 -3.656472699731239118e-06 9.999995827674865723e-01 1.144407451647566631e-05 0.000000000000000000e+00 0.000000000000000000e+00 0.000000000000000000e+00 1.000000000000000000e+00
9.999966621398925781e-01 1.296580419875681400e-03 1.897879992611706257e-03 3.405211260542273521e-03 -1.294901827350258827e-03 1.000000596046447754e+00 -5.318020703271031380e-04 -1.236782991327345371e-03 -1.897967420518398285e-03 5.278443568386137486e-04 9.999985098838806152e-01 -1.496636748313903809e+00 0.000000000000000000e+00 0.000000000000000000e+00 0.000000000000000000e+00 1.000000000000000000e+00
1.000003099441528320e+00 1.401430228725075722e-03 1.639865688048303127e-03 2.953290473669767380e-03 -1.403889851644635201e-03 9.999997615814208984e-01 1.159397186711430550e-03 -5.153464619070291519e-03 -1.638134475797414780e-03 -1.166348578408360481e-03 1.000004291534423828e+00 -1.538219332695007324e+00 0.000000000000000000e+00 0.000000000000000000e+00 0.000000000000000000e+00 1.000000000000000000e+00
9.999994635581970215e-01 -1.190914645121665671e-05 1.446559559553861618e-03 4.319115076214075089e-03 1.604145109013188630e-05 9.999978542327880859e-01 -2.029988681897521019e-03 -3.434606129303574562e-03 -1.446246053092181683e-03 2.031337236985564232e-03 9.999967813491821289e-01 -1.568031311035156250e+00 0.000000000000000000e+00 0.000000000000000000e+00 0.000000000000000000e+00 1.000000000000000000e+00
9.999938607215881348e-01 2.716283546760678291e-03 1.851569046266376972e-03 -2.898475155234336853e-03 -2.714725444093346596e-03 9.999955892562866211e-01 -7.586436695419251919e-04 4.496870096772909164e-04 -1.854061847552657127e-03 7.540636579506099224e-04 9.999980330467224121e-01 -5.461052656173706055e-01 0.000000000000000000e+00 0.000000000000000000e+00 0.000000000000000000e+00 1.000000000000000000e+00
9.999992847442626953e-01 1.102513051591813564e-03 -2.091587375616654754e-04 -9.887773776426911354e-04 -1.102728885598480701e-03 1.000000953674316406e+00 -6.039966247044503689e-04 -2.329317620024085045e-03 2.095351374009624124e-04 6.037630955688655376e-04 9.999995231628417969e-01 -5.176522731781005859e-01 0.000000000000000000e+00 0.000000000000000000e+00 0.000000000000000000e+00 1.000000000000000000e+00
9.999954700469970703e-01 2.497175242751836777e-03 -1.890764338895678520e-03 -2.221486996859312057e-03 -2.497279085218906403e-03 9.999972581863403320e-01 4.582752444548532367e-05 9.810441406443715096e-04 1.889633247628808022e-03 -4.475428067962639034e-05 9.999989271163940430e-01 -4.824413061141967773e-01 0.000000000000000000e+00 0.000000000000000000e+00 0.000000000000000000e+00 1.000000000000000000e+00
9.999991655349731445e-01 1.143239904195070267e-03 1.032277010381221771e-03 6.811161991208791733e-03 -1.143796602264046669e-03 9.999985098838806152e-01 -6.570777259184978902e-06 -1.559513341635465622e-02 -1.031310297548770905e-03 6.510392267955467105e-06 9.999992847442626953e-01 -1.707352876663208008e+00 0.000000000000000000e+00 0.000000000000000000e+00 0.000000000000000000e+00 1.000000000000000000e+00
9.999984502792358398e-01 -8.763185469433665276e-04 1.151702716015279293e-03 5.663712508976459503e-03 8.747494430281221867e-04 9.999974370002746582e-01 1.594045781530439854e-03 -1.368175819516181946e-02 -1.153263263404369354e-03 -1.586469355970621109e-03 9.999985098838806152e-01 -2.031124114990234375e+00 0.000000000000000000e+00 0.000000000000000000e+00 0.000000000000000000e+00 1.000000000000000000e+00
9.999680519104003906e-01 5.746983806602656841e-04 -7.974139414727687836e-03 1.683463342487812042e-02 -5.699149332940578461e-04 9.999987483024597168e-01 6.063897162675857544e-04 -7.433340419083833694e-03 7.974646054208278656e-03 -6.000672001391649246e-04 9.999685883522033691e-01 -1.863192558288574219e+00 0.000000000000000000e+00 0.000000000000000000e+00 0.000000000000000000e+00 1.000000000000000000e+00
1.000001549720764160e+00 -2.084736770484596491e-04 6.503461045213043690e-04 5.570689681917428970e-03 2.081411221297457814e-04 1.000000357627868652e+00 -6.083510816097259521e-04 -5.427135154604911804e-03 -6.494557601399719715e-04 6.045367335900664330e-04 1.000003337860107422e+00 -1.865532875061035156e+00 0.000000000000000000e+00 0.000000000000000000e+00 0.000000000000000000e+00 1.000000000000000000e+00
9.999982714653015137e-01 1.218876335769891739e-03 -8.959897677414119244e-04 1.182596012949943542e-02 -1.218878664076328278e-03 9.999958276748657227e-01 -3.197722835466265678e-04 -7.810445036739110947e-03 8.946824236772954464e-04 3.254298644606024027e-04 9.999994039535522461e-01 -1.860636591911315918e+00 0.000000000000000000e+00 0.000000000000000000e+00 0.000000000000000000e+00 1.000000000000000000e+00
1.000001192092895508e+00 4.055764584336429834e-04 -1.355535932816565037e-03 7.114037405699491501e-03 -4.068598209414631128e-04 1.000001072883605957e+00 -5.398070206865668297e-04 -4.916469566524028778e-03 1.356558175757527351e-03 5.386758712120354176e-04 1.000000357627868652e+00 -1.846171855926513672e+00 0.000000000000000000e+00 0.000000000000000000e+00 0.000000000000000000e+00 1.000000000000000000e+00
1.000000357627868652e+00 6.885420298203825951e-04 -1.388783566653728485e-03 5.872881971299648285e-03 -6.870561046525835991e-04 1.000000834465026855e+00 1.007773680612444878e-03 -3.907074686139822006e-03 1.389583339914679527e-03 -1.008910592645406723e-03 1.000002145767211914e+00 -1.847209095954895020e+00 0.000000000000000000e+00 0.000000000000000000e+00 0.000000000000000000e+00 1.000000000000000000e+00
1.000000715255737305e+00 -2.909550385084003210e-04 6.041295710019767284e-04 4.605038557201623917e-03 2.909742179326713085e-04 9.999983906745910645e-01 -7.599568925797939301e-05 -6.091594696044921875e-03 -6.047800998203456402e-04 7.754002581350505352e-05 9.999997019767761230e-01 -1.867660164833068848e+00 0.000000000000000000e+00 0.000000000000000000e+00 0.000000000000000000e+00 1.000000000000000000e+00
9.999985694885253906e-01 -4.131987516302615404e-04 -1.058222027495503426e-03 8.386590518057346344e-03 4.125610576011240482e-04 1.000001549720764160e+00 -2.090831549139693379e-04 -4.839091096073389053e-03 1.059441710822284222e-03 2.047841699095442891e-04 1.000001907348632812e+00 -1.867106795310974121e+00 0.000000000000000000e+00 0.000000000000000000e+00 0.000000000000000000e+00 1.000000000000000000e+00
1.000002264976501465e+00 -3.775502555072307587e-04 -6.385198503267019987e-05 8.103821426630020142e-03 3.785925218835473061e-04 9.999974966049194336e-01 -1.479455735534429550e-03 -2.961255609989166260e-03 6.395318632712587714e-05 1.483053900301456451e-03 9.999986290931701660e-01 -1.841714620590209961e+00 0.000000000000000000e+00 0.000000000000000000e+00 0.000000000000000000e+00 1.000000000000000000e+00
9.999841451644897461e-01 5.144648253917694092e-03 2.617402235046029091e-03 -2.456206828355789185e-03 -5.131441168487071991e-03 9.999743103981018066e-01 -5.194504279643297195e-03 1.974125159904360771e-03 -2.643893472850322723e-03 5.182737018913030624e-03 9.999846220016479492e-01 -1.706223249435424805e+00 0.000000000000000000e+00 0.000000000000000000e+00 0.000000000000000000e+00 1.000000000000000000e+00
9.999982714653015137e-01 3.248414432164281607e-04 1.122497254982590675e-03 2.660663798451423645e-03 -3.244020335841923952e-04 9.999989867210388184e-01 -4.504226089920848608e-04 4.948928486555814743e-03 -1.123178401030600071e-03 4.485537938307970762e-04 9.999979138374328613e-01 -1.054951190948486328e+00 0.000000000000000000e+00 0.000000000000000000e+00 0.000000000000000000e+00 1.000000000000000000e+00
1.000000596046447754e+00 6.421023863367736340e-04 1.117405947297811508e-03 3.794466610997915268e-03 -6.445589242503046989e-04 1.000000000000000000e+00 5.836244090460240841e-04 -2.541555557399988174e-03 -1.115413382649421692e-03 -5.872540641576051712e-04 1.000001668930053711e+00 -1.781016707420349121e+00 0.000000000000000000e+00 0.000000000000000000e+00 0.000000000000000000e+00 1.000000000000000000e+00
9.999982118606567383e-01 -1.560977776534855366e-03 5.252318223938345909e-04 1.024907827377319336e-02 1.559952856041491032e-03 9.999964237213134766e-01 1.382932765409350395e-03 -2.430970547720789909e-03 -5.261780461296439171e-04 -1.380996778607368469e-03 9.999986886978149414e-01 -1.776439785957336426e+00 0.000000000000000000e+00 0.000000000000000000e+00 0.000000000000000000e+00 1.000000000000000000e+00
1.000000119209289551e+00 -7.406496442854404449e-04 1.013258355669677258e-03 6.608230061829090118e-03 7.394225103780627251e-04 9.999988079071044922e-01 9.983028285205364227e-04 -4.114767536520957947e-03 -1.013864297419786453e-03 -9.996312437579035759e-04 9.999973177909851074e-01 -1.756528973579406738e+00 0.000000000000000000e+00 0.000000000000000000e+00 0.000000000000000000e+00 1.000000000000000000e+00
9.999994039535522461e-01 4.575618659146130085e-04 -8.131272043101489544e-04 5.468358285725116730e-03 -4.616778460331261158e-04 9.999852180480957031e-01 -5.416681990027427673e-03 3.649555612355470657e-03 8.109631016850471497e-04 5.415664520114660263e-03 9.999845027923583984e-01 -1.201829314231872559e+00 0.000000000000000000e+00 0.000000000000000000e+00 0.000000000000000000e+00 1.000000000000000000e+00
1.000001311302185059e+00 8.638273575343191624e-04 -6.367436726577579975e-04 4.802748095244169235e-03 -8.646507631056010723e-04 9.999995231628417969e-01 -1.254468341358006001e-03 -9.475292172282934189e-04 6.357299280352890491e-04 1.255773124285042286e-03 1.000001430511474609e+00 -1.162153840065002441e+00 0.000000000000000000e+00 0.000000000000000000e+00 0.000000000000000000e+00 1.000000000000000000e+00
9.999961853027343750e-01 -2.462404314428567886e-03 -1.776922610588371754e-03 1.139398664236068726e-02 2.460877876728773117e-03 9.999967813491821289e-01 -8.180519798770546913e-04 -5.975673440843820572e-03 1.779626705683767796e-03 8.145207539200782776e-04 9.999982118606567383e-01 -1.562494158744812012e+00 0.000000000000000000e+00 0.000000000000000000e+00 0.000000000000000000e+00 1.000000000000000000e+00
1.000000119209289551e+00 1.856884227890986949e-05 1.345792697975412011e-04 7.618811447173357010e-03 -1.892516775114927441e-05 1.000000357627868652e+00 5.563034792430698872e-04 -6.954377982765436172e-03 -1.339606387773528695e-04 -5.556393298320472240e-04 9.999996423721313477e-01 -1.580955028533935547e+00 0.000000000000000000e+00 0.000000000000000000e+00 0.000000000000000000e+00 1.000000000000000000e+00
9.999865293502807617e-01 -5.188482347875833511e-03 -2.530303900130093098e-04 1.242158655077219009e-02 5.187206901609897614e-03 9.999830722808837891e-01 -3.831005655229091644e-03 -4.978019278496503830e-03 2.739073242992162704e-04 3.826265688985586166e-03 9.999950528144836426e-01 -1.599956750869750977e+00 0.000000000000000000e+00 0.000000000000000000e+00 0.000000000000000000e+00 1.000000000000000000e+00
9.999926090240478516e-01 -7.307248888537287712e-04 3.716644132509827614e-03 4.087931010872125626e-03 7.219220860861241817e-04 9.999966621398925781e-01 2.629787195473909378e-03 -1.001262385398149490e-02 -3.719252301380038261e-03 -2.631132258102297783e-03 9.999902844429016113e-01 -1.659308910369873047e+00 0.000000000000000000e+00 0.000000000000000000e+00 0.000000000000000000e+00 1.000000000000000000e+00
9.999945759773254395e-01 2.782785333693027496e-03 2.208199352025985718e-03 7.678520632907748222e-04 -2.786763245239853859e-03 9.999958276748657227e-01 2.131833229213953018e-03 -5.604322068393230438e-03 -2.203847747296094894e-03 -2.139543881639838219e-03 9.999974370002746582e-01 -1.648012042045593262e+00 0.000000000000000000e+00 0.000000000000000000e+00 0.000000000000000000e+00 1.000000000000000000e+00
9.999870657920837402e-01 -2.003936824621632695e-04 5.297177005559206009e-03 3.572699381038546562e-03 2.075196098303422332e-04 9.999999403953552246e-01 -1.417721854522824287e-03 5.220888648182153702e-03 -5.296131130307912827e-03 1.418457133695483208e-03 9.999857544898986816e-01 -8.780770003795623779e-02 0.000000000000000000e+00 0.000000000000000000e+00 0.000000000000000000e+00 1.000000000000000000e+00
9.999970793724060059e-01 -5.787264090031385422e-04 2.094574505463242531e-03 5.329332314431667328e-03 5.838602664880454540e-04 9.999970793724060059e-01 -2.472320571541786194e-03 1.057915622368454933e-03 -2.092913957312703133e-03 2.473508473485708237e-03 9.999950528144836426e-01 -6.508085727691650391e-01 0.000000000000000000e+00 0.000000000000000000e+00 0.000000000000000000e+00 1.000000000000000000e+00
9.999986886978149414e-01 1.138170133344829082e-03 -1.037709997035562992e-03 7.780027226544916630e-04 -1.137514715082943439e-03 9.999995231628417969e-01 3.761965781450271606e-04 -8.203896693885326385e-03 1.037218957208096981e-03 -3.757207305170595646e-04 9.999992847442626953e-01 -1.149890303611755371e+00 0.000000000000000000e+00 0.000000000000000000e+00 0.000000000000000000e+00 1.000000000000000000e+00
9.999909996986389160e-01 5.063498974777758121e-04 4.113395698368549347e-03 1.860951539129018784e-03 -5.060478579252958298e-04 9.999985098838806152e-01 -8.352616714546456933e-05 2.749556209892034531e-03 -4.113129340112209320e-03 7.937311602290719748e-05 9.999909996986389160e-01 -4.648892581462860107e-01 0.000000000000000000e+00 0.000000000000000000e+00 0.000000000000000000e+00 1.000000000000000000e+00
9.999462366104125977e-01 -3.000010037794709206e-04 1.033723820000886917e-02 1.124120969325304031e-02 3.051110543310642242e-04 1.000000715255737305e+00 -6.417210679501295090e-04 -7.514136959798634052e-04 -1.033621467649936676e-02 6.422257865779101849e-04 9.999462962150573730e-01 -3.362826108932495117e-01 0.000000000000000000e+00 0.000000000000000000e+00 0.000000000000000000e+00 1.000000000000000000e+00
9.999983906745910645e-01 1.819992321543395519e-03 -8.212395478039979935e-04 -4.884594818577170372e-04 -1.819376368075609207e-03 9.999982714653015137e-01 2.444175770506262779e-04 2.641216451593209058e-05 8.222957840189337730e-04 -2.449278254061937332e-04 1.000000000000000000e+00 -5.580006837844848633e-01 0.000000000000000000e+00 0.000000000000000000e+00 0.000000000000000000e+00 1.000000000000000000e+00
9.999938607215881348e-01 3.396187443286180496e-03 2.740468771662563086e-04 8.177323034033179283e-04 -3.395949723199009895e-03 9.999870657920837402e-01 -4.004631191492080688e-03 -1.908917911350727081e-03 -2.874982892535626888e-04 4.002864472568035126e-03 9.999949932098388672e-01 -1.436454772949218750e+00 0.000000000000000000e+00 0.000000000000000000e+00 0.000000000000000000e+00 1.000000000000000000e+00
1.000001907348632812e+00 -1.887520824084276683e-07 1.410291190495627234e-07 -3.814702267845859751e-06 -1.115742733759361727e-07 1.000002503395080566e+00 3.806470516565241269e-08 -5.364426669984823093e-06 1.120931685250070586e-07 -1.213717695236482541e-07 1.000000953674316406e+00 -2.670290450623724610e-05 0.000000000000000000e+00 0.000000000000000000e+00 0.000000000000000000e+00 1.000000000000000000e+00
9.999990463256835938e-01 3.735680138561292551e-07 4.498865280311292736e-08 5.245208740234375000e-06 -3.466782061423145933e-07 9.999995827674865723e-01 -5.044791464570153039e-07 1.418589545210124925e-05 1.181194093646809051e-07 1.245577095687622204e-06 9.999990463256835938e-01 4.768368671648204327e-05 0.000000000000000000e+00 0.000000000000000000e+00 0.000000000000000000e+00 1.000000000000000000e+00
9.999992251396179199e-01 2.657320976595656248e-07 -1.730844445546608767e-07 4.053117663715966046e-06 -1.727724310285339016e-07 9.999989867210388184e-01 -1.158849372018266877e-07 3.695483883348060772e-06 -1.179742454837651167e-07 1.209974470839370042e-06 1.000000476837158203e+00 -1.144409361586440355e-05 0.000000000000000000e+00 0.000000000000000000e+00 0.000000000000000000e+00 1.000000000000000000e+00
1.000000119209289551e+00 1.171439976133115124e-06 -6.351685755134894862e-08 1.490167278461740352e-07 -2.469204787303169724e-07 9.999989271163940430e-01 -1.403410863076715032e-07 4.172319677309133112e-06 -2.957226570288185030e-07 1.813664312066975981e-06 9.999997615814208984e-01 5.722054993384517729e-06 0.000000000000000000e+00 0.000000000000000000e+00 0.000000000000000000e+00 1.000000000000000000e+00
1.000000000000000000e+00 1.904984401335241273e-07 3.605424012675939593e-07 -8.583068847656250000e-06 -1.208886857284596772e-07 1.000001907348632812e+00 9.482572949082168634e-09 -2.145767666661413386e-06 3.570846729417098686e-07 2.388114808127284050e-07 1.000000119209289551e+00 -1.907351588670280762e-06 0.000000000000000000e+00 0.000000000000000000e+00 0.000000000000000000e+00 1.000000000000000000e+00
1.000000000000000000e+00 -4.343037858234310988e-07 4.001018965027469676e-07 -5.722042260458692908e-06 -5.154009841135120951e-07 9.999977350234985352e-01 -5.738630903806551942e-08 6.556501830345951021e-06 1.119802277571579907e-06 2.001120265049394220e-06 9.999994039535522461e-01 1.239776247530244291e-05 0.000000000000000000e+00 0.000000000000000000e+00 0.000000000000000000e+00 1.000000000000000000e+00
9.999990463256835938e-01 9.881543974188389257e-07 1.786845018614258152e-07 -4.768366579810390249e-06 -1.970124259287331370e-07 9.999999403953552246e-01 -8.386024319406715222e-08 2.026559286605333909e-06 2.208904987810456078e-07 6.533026862598489970e-06 1.000000238418579102e+00 -1.335143406322458759e-05 0.000000000000000000e+00 0.000000000000000000e+00 0.000000000000000000e+00 1.000000000000000000e+00
9.999998211860656738e-01 7.523120757468859665e-07 7.624988995758030796e-08 -2.443788389427936636e-06 -1.760777053050333052e-07 9.999991655349731445e-01 -7.455825823399209185e-08 2.384184881520923227e-06 -1.643247600213726400e-07 5.783182928098540287e-07 9.999994635581970215e-01 1.144409088738029823e-05 0.000000000000000000e+00 0.000000000000000000e+00 0.000000000000000000e+00 1.000000000000000000e+00
9.999985694885253906e-01 2.618320138481067261e-07 4.073257287018350326e-08 -1.639124093344435096e-06 -1.118428016866346297e-07 9.999999403953552246e-01 3.026290329444236704e-08 -8.344640605173481163e-07 -2.420356395305134356e-07 7.018264795988216065e-07 9.999982714653015137e-01 2.670286448847036809e-05 0.000000000000000000e+00 0.000000000000000000e+00 0.000000000000000000e+00 1.000000000000000000e+00
